CHGPct
-0.003115
-0.012445
-0.017967
0.000786
-0.001454
-0.008178
-0.007064
-0.001855
0.008598
-0.001724
0.000174
-0.009266
-0.006831
0.008567
0.021628
-0.004664
0.00598
-0.010267
0.002564
0.005593
-0.008211
0.005614
0.020333
0.008439
0.002987
-0.005476
0.008314
0.009248
-0.007656
0.011084
-0.001761
-0.011731
-0.017508
-0.020449
0.003458
0.002988
0.004371
0.009207
-0.001813
-0.008877
0.003163
-0.000811
-0.028594
0.001046
-0.001731
0.010722
-0.007316
0.009646
0.000753
-0.001709
-0.013976
0.027159
0.009113
0.000499
-0.001761
-0.008277
-0.002383
-0.004117
0.006961
0.00563
-0.007424
0.007403
0.019163
0.003314
0.013805
-0.001761
0.000468
-0.014045
0.001675
-0.002963
-0.000542
-0.015217
0.003391
-0.002629
-0.005006
-0.009973
-0.01622
0.008412
0.002978
0.000491
0.000338
-0.008853
0.002582
-0.002054
0.020752
-0.001044
-0.001374
-0.0112
0.000756
-0.010521
0.001464
0.008382
-0.00181
0.006572
0.003395
-0.003385
0.007698
-0.004699
-0.000678
-0.000445
-0.006609
0.007924
-0.005352
0.000269
0.01085
0.001177
-0.001574
0.009262
0.007373
-0.009245
-0.005409
-0.015463
0.001452
-0.001139
0.004725
-0.004144
0.006505
-0.001063
0.005803
0.001003
0.004407
0.001851
-0.001868
0.000268
0.001987
-0.01231
-0.000132
0.004228
0.009617
0.001796
-0.001488
-0.005652
0.001691
-0.002228
0.010223
0.001449
0.012785
0.010238
0.024139
0.002408
-0.000893
0.009315
-0.007385
0.017402
-0.001523
-0.001117
-0.013437
0.003088
0.013775
-0.001375
0.000577
-0.007383
0.009186
0.005718
0.002618
-0.00228
-0.004354
0.004642
-0.005149
-0.009944
0.001069
-0.006177
0.009738
0.008259
0.013659
0.009965
0.007968
0.008483
4.1e-05
-0.003534
-0.002858
0.008769
0.003083
-0.018205
0.004937
0.003482
0.005839
-0.016993
0.00867
0.014658
0.000652
0.001116
0.004255
0.002613
0.008004
0.002761
-0.006207
-0.003592
-0.00276
0.006014
-0.007234
-0.006501
0.006642
-0.007243
-0.005603
-0.010372
-6.1e-05
-0.005143
0.020708
0.015039
0.007605
0.012172
0.00407
0.000267
-0.004701
0.002731
-0.00317
0.022951
-0.001617
0.010046
-0.003556
-0.002732
-0.00194
-0.00713
-0.00219
0.000681
0.013916
0.018534
0.013708
0.014313
0.010037
0.019901
-0.000999
0.031114
0.005782
0.043148
0.013171
0.028121
-0.054297
0.029318
-0.004854
0.004248
0.00519
0.023058
0.013073
-0.001143
0.016706
0.006064
-0.030325
-0.019811
0.033645
0.027684
0.0033
-0.000694
0.021751
0.035812
0.000278
0.006714
-0.023856
-0.002444
-0.017072
0.001852
-0.003975
0.035382
0.012001
-0.077046
0.018195
0.047449
0.005937
0.002518
0.009374
-0.008933
-0.014084
-0.013139
-0.015922
-0.025562
0.024488
-0.009604
-0.011844
-0.019328
0.006248
0.015014
0.005128
0.004976
0.009583
0.005786
0.007616
-0.005563
0.02153
0.003621
0.007849
-0.02195
0.005051
-0.00947
-0.002244
0.018888
-0.004948
0.00147
0.017753
0.007043
0.022649
0.015523
0.021255
0.001389
0.009783
0.019465
0.000998
-0.008312
0.005837
0.002445
0.025865
-0.010212
0.016648
0.004065
0.009971
0.02522
0.00844
-0.009331
0.0194
0.021665
0.00336
-0.012429
0.027095
0.022045
-0.016378
0.018151
0.024425
0.003641
-0.004717
0.030432
-0.011305
9e-05
-0.007811
0.008738
-0.040567
-0.016154
-0.027677
0.022787
0.030354
0.015607
-0.005785
0.000583
-0.015901
-0.005849
0.031297
0.006505
0.018697
0.028298
0.033537
0.020171
0.006275
-0.065048
-0.001844
0.047052
0.016938
-0.000112
0.007561
0.015361
0.021657
-0.003575
-0.001466
0.003047
0.008739
-0.020006
-0.034675
0.016464
-0.036744
-0.064152
0.021912
0.024835
-0.03462
-0.073967
-0.033353
0.055315
-0.052259
-0.034767
-0.057722
0.024139
-0.012921
-0.059009
0.057635
0.045419
0.023876
-0.011561
-0.030267
0.004591
0.035095
0.008783
0.006404
0.002083
0.024311
-0.012855
-0.084834
-0.016791
0.034443
-0.022011
-0.011344
-0.011142
0.036888
-0.016497
-0.008941
0.022577
0.049199
-0.000129
-0.010588
0.017558
0.002726
0.007145
-0.061473
0.012258
-0.034216
-0.042722
-0.084909
-0.076307
-0.012708
0.053395
0.048242
-0.008156
-0.012278
-0.002039
-0.025235
0.029227
0.022911
-0.013936
0.000732
-0.026697
-0.035195
0.048946
-0.021001
0.003842
0.018923
0.009212
-0.021889
0.008601
-0.016018
0.002719
-0.020195
0.00482
0.02967
0.01266
0.032832
0.001694
-0.009349
0.023183
0.015961
-0.001372
0.011406
-0.030553
0.014474
0.012971
0.005025
0.001386
-0.01722
0.003591
-0.001403
-0.016992
-0.002523
0.043099
0.018262
0.019079
0.015835
-0.001754
0.002682
-0.004752
-0.014331
0.007294
-0.000599
-0.010077
0.013618
0.003715
-0.00556
0.001606
0.008799
-0.003393
-0.054806
0.002649
0.003165
0.023319
0.013548
-0.01669
0.003386
-0.018903
0.000683
-0.00488
-0.006052
0.025065
-0.00293
0.001662
0.018148
-0.000289
0.017745
0.002552
-0.004293
-0.006492
0.004271
-0.025947
0.008477
0.002565
-0.00943