2276.992
2285.364
2276.07
2275.34
2283.658
2242.997
2311.74
2325.682
2309.499
2284.909
2317.07
2328.221
2315.139
2320.911
2302.598
2291.304
2346.505
2358.977
2382.475
2385.422
2419.02
2428.154
2433.13
2434.477
2418.53
2432.402
2421.558
2382.914
2397.178
2325.951
2314.164
2325.819
2293.341
2313.22
2365.593
2359.506
2273.404
2326.306
2347.179
2324.293
2318.611
2310.593
2286.605
2263.968
2270.277
2278.401
2240.016
2257.434
2317.374
2324.242
2328.278
2326.715
2297.669
2301.259
2236.302
2236.621
2234.395
2227.74
2225.295
2211.592
2225.775
2226.126
2219.553
2206.78
2181.942
2194.846
2193.796
2197.602
2244.643
2242.169
2184.538
2218.318
2199.307
2177.912
2174.123
2205.497
2231.166
2235.575
2246.3
2232.971
2246.831
2241.92
2217.01
2224.797
2251.806
2282.87
2299.986
2305.114
2302.403
2275.667
2288.533
2293.077
2321.318
2324.017
2317.749
2300.595
2299.252
2272.416
2270.931
2242.11
2210.898
2148.355
2162.041
2156.215
2159.291
2143.454
2084.021
2073.095
1963.235
1959.508
1951.495
1950.013
1979.206
1995.242
2006.56
1994.268
2006.098
2007.199
1958.273
1965.454
2008.126
2072.991
2039.486
2059.39
2065.72
2044.922
2023.396
1992.648
2004.762
2043.876
2033.329
2021.174
2010.85
1976.306
1990.064
1993.799
2029.067
2029.418
2050.481
2060.5
2046.778
2044.895
2052.235
2101.283
2106.156
2100.137
2081.88
2068.452
2085.602
2072.595
2072.961
2067.124
2057.458
2096.474
2103.567
2101.301
2097.227
2098.382
2098.448
2123.112
2127.618
2122.43
2139.993
2212.516
2237.984
2241.268
2255.605
2236.217
2231.401
2185.56
2191.851
2221.044
2207.531
2198.515
2155.809
2160.027
2174.665
2198.199
2211.769
2190.929
2228.146
2237.773
2233.412
2193.074
2188.542
2193.78
2229.237
2210.652
2183.107
2164.322
2132.955
2133.869
2128.864
2160.463
2141.614
2149.562
2149.634
2157.24
2139.607
2129.4
2106.127
2109.471
2126.772
2087.941
2100.506
2135.827
2197.219
2193.125
2206.613
2205.766
2196.378
2186.115
2183.073
2201.07
2219.372
2220.504
2207.371
2222.67
2251.762
2247.063
2237.108
2238.2
2237.492
2204.166
2202.796
2196.075
2160.861
2151.079
2148.285
2127.792
2084.794
2089.707
2092.905
2106.354
2073.099
2101.251
2097.529
2115.978
2109.387
2083.136
2045.709
2047.317
2044.34
2027.622
2013.298
2009.564
2026.842
2023.348
2023.701
2004.949
1991.253
2008.313
2051.749
2042.18
2054.392
2033.3
2038.513
2049.914
2033.083
2044.497
2086.067
2103.671
2109.955
2098.401
2115.848
2135.415
2119.066
2142.554
2138.782
2113.693
2076.686
2034.219
2041.254
2047.354
2056.302
2075.235
2071.473
2053.084
2059.578
2057.908
1999.065
2001.157
1997.692
2019.111
2004.339
2023.673
2025.196
2021.734
1993.479
2047.619
2066.279
2067.311
2063.67
2046.588
2041.712
2033.306
2047.46
2058.988
2043.702
2058.831
2098.284
2105.237
2134.3
2130.542
2131.539
2101.601
2105.122
2098.885
2097.748
2065.826
2072.831
2067.382
2057.033
2036.519
2003.487
2020.341
2026.358
2027.353
2028.038
2010.083
2015.274
2011.135
2052.871
2050.728
2047.91
2024.974
2026.504
2005.183
2008.119
2024.951
2021.285
2034.569
2041.476
2034.565
2050.228
2040.595
2039.212
2038.305
2024.834
2040.878
2029.956
2030.502
2052.532
2054.948
2051.713
2070.715
2085.983
2066.698
2055.519
2023.735
2026.674
2024.365
2033.931
2025.502
2038.677
2036.51
2048.327
2050.381
2059.418
2063.229
2059.375
2059.927
2064.021
2038.612
2038.342
2046.961
2066.646
2070.357
2067.276
2055.591
2059.067
2054.479
2075.481
2078.489
2105.062
2126.614
2177.948
2183.192
2181.243
2201.562
2185.303