closeIndex
3641.54
3641.06
3643.79
3559.26
3546.72
3513.58
3514.04
3502.42
3604.12
3635.15
3355.16
3396.22
3548.89
3567.61
3571.73
3607.99
3574.93
3525.32
3481.8
3434.39
3353.96
3437.45
3401.77
3366.95
3312.42
3345.92
3406.94
3434.12
3442.87
3469.83
3499.48
3522.32
3478.73
3566.3
3572.84
3601.27
3507.9
3530.82
3496.34
3478.52
3537.75
3520.61
3524.65
3592.84
3617.66
3705.67
3757.12
3846.06
3839.74
3892.57
3972.06
3973.05
3940.41
3950.0
3971.7
4088.18
4051.2
4123.9
4124.78
4170.54
4260.04
4295.8
4262.14
4344.42
4421.07
4438.18
4380.51
4513.55
4596.14
4521.92
4619.16
4739.81
4740.89
4702.64
4807.59
4741.86
4774.33
4749.89
4787.74
4596.84
4553.33
4470.09
4558.4
4690.53
4747.42
4718.44
4700.78
4617.47
4575.14
4731.22
4754.92
4840.98
4951.34
5099.5
5198.92
5181.43
4834.01
4840.83
5076.18
5161.87
5143.59
5181.42
5230.55
5353.75
5317.46
5309.11
5306.59
5335.12
5221.17
5064.821
5138.831
4930.549
4637.052
4786.091
4880.126
4706.516
4336.195
4191.549
4472.998
4253.021
4107.996
3885.917
3998.537
3928.003
3663.038
3897.626
4106.556
4211.812
4112.149
3966.759
3997.356
4151.496
4160.612
4166.006
4157.16
4250.805
4176.279
3818.731
3811.093
3930.379
3815.412
3816.699
3829.235
3948.155
3866.9
3831.852
3906.945
4084.365
4066.669
4016.126
4075.463
4073.54
4077.872
3825.412
3886.136
3761.454
3589.536
3275.534
3042.927
3025.692
3205.638
3342.286
3366.536
3362.083
3365.832
3250.485
3334.023
3399.305
3357.561
3347.188
3281.132
3152.232
3309.248
3236.999
3251.273
3308.247
3339.03
3263.028
3284.999
3231.951
3242.752
3178.854
3202.948
3296.482
3340.116
3447.693
3445.043
3406.112
3486.815
3534.065
3534.182
3577.703
3473.254
3524.534
3571.241
3589.261
3592.879
3524.92
3533.307
3534.079
3475.962
3465.493
3628.538
3705.97
3793.374
3840.355
3833.238
3833.646
3795.324
3746.242
3764.126
3758.387
3715.58
3774.969
3774.383
3753.335
3753.889
3781.607
3759.429
3556.992
3566.412
3591.696
3721.955
3749.299
3677.592
3687.607
3623.02
3635.938
3623.084
3608.059
3711.322
3694.389
3685.44
3755.888
3767.913
3865.965
3876.733
3866.381
3829.402
3838.201
3727.632
3761.875
3765.175
3731.005